# ARTIST FOLLOWER

{(0, 1): 10486, (1, 2): 7731, (2, 3): 6330, (3, 4): 5384, (4, 5): 4773, (5, 6): 4195, (6, 7): 3790, (7, 8): 3604, (8, 9): 3263, (9, 10): 3033, (10, 20): 23790, (20, 30): 16785, (30, 40): 13132, (40, 50): 10684, (50, 60): 9413, (60, 70): 8074, (70, 80): 6978, (80, 90): 6387, (90, 100): 5748, (100, 200): 38840, (200, 300): 22599, (300, 400): 15380, (400, 500): 11642, (500, 600): 9047, (600, 700): 7474, (700, 800): 6448, (800, 900): 5446, (900, 1000): 4825, (1000, 2000): 29054, (2000, 3000): 15061, (3000, 4000): 9714, (4000, 5000): 6885, (5000, 6000): 5282, (6000, 7000): 4334, (7000, 8000): 3539, (8000, 9000): 3059, (9000, 10000): 2576, (10000, 20000): 14587, (20000, 30000): 7103, (30000, 40000): 4165, (40000, 50000): 2871, (50000, 60000): 2087, (60000, 70000): 1676, (70000, 80000): 1287, (80000, 90000): 1069, (90000, 100000): 920, (100000, 200000): 4849, (200000, 300000): 2059, (300000, 400000): 1161, (400000, 500000): 783, (500000, 600000): 576, (600000, 700000): 459, (700000, 800000): 348, (800000, 900000): 268, (900000, 1000000): 233, (1000000, 2000000): 1028, (2000000, 3000000): 381, (3000000, 4000000): 179, (4000000, 5000000): 103, (5000000, 6000000): 70, (6000000, 7000000): 56, (7000000, 8000000): 40, (8000000, 9000000): 25, (9000000, 10000000): 15, (10000000, 20000000): 70, (20000000, 30000000): 22, (30000000, 40000000): 17, (40000000, 50000000): 4, (50000000, 60000000): 3, (60000000, 70000000): 0, (70000000, 80000000): 1, (80000000, 90000000): 1, (90000000, 100000000): 0}

# ARTIST POPULARITY

{(0, 1): 81149, (1, 2): 26008, (2, 3): 19352, (3, 4): 15660, (4, 5): 13371, (5, 6): 12187, (6, 7): 10985, (7, 8): 9909, (8, 9): 9611, (9, 10): 8814, (10, 20): 67772, (20, 30): 51280, (30, 40): 38624, (40, 50): 21725, (50, 60): 10622, (60, 70): 4576, (70, 80): 1302, (80, 90): 307, (90, 100): 47}

# ALBUM POPULARITY

{(0, 1): 293883, (1, 2): 28540, (2, 3): 22516, (3, 4): 19234, (4, 5): 17510, (5, 6): 15623, (6, 7): 14422, (7, 8): 13933, (8, 9): 13328, (9, 10): 12702, (10, 20): 103727, (20, 30): 76992, (30, 40): 54849, (40, 50): 29550, (50, 60): 12360, (60, 70): 4107, (70, 80): 982, (80, 90): 120, (90, 100): 1}

# TRACK POPULARITY

{(0, 1): 916929, (1, 2): 98062, (2, 3): 76739, (3, 4): 65826, (4, 5): 57884, (5, 6): 53723, (6, 7): 50236, (7, 8): 48311, (8, 9): 45263, (9, 10): 43293, (10, 20): 351030, (20, 30): 230338, (30, 40): 131107, (40, 50): 61439, (50, 60): 22719, (60, 70): 7101, (70, 80): 1557, (80, 90): 155, (90, 100): 0}